Nome: 1, Pontuacao: 154.832748
Nome: 1, Pontuacao: 122.301414
Nome: 1, Pontuacao: 118.296432
Nome: sasda, Pontuacao: 42.461597
